6 0.21088 0.209266 0.08418 0.0934963
7 0.564455 0.0633126 0.0841682 0.10998
9 0.906433 0.315438 0.0796631 0.0767872
9 0.0621455 0.220741 0.0848185 0.0858339
9 0.806118 0.203337 0.0742855 0.08413
11 0.937656 0.0829418 0.0812649 0.0955141
9 0.575794 0.337199 0.0712519 0.0696024
11 0.0759459 0.0906388 0.0980634 0.0934341
3 0.258842 0.796094 0.0798345 0.0784178
5 0.0519385 0.92518 0.097374 0.0851569
1 0.805582 0.925521 0.0925209 0.0973658
0 0.17478 0.44929 0.0926027 0.0887794
3 0.208694 0.688928 0.0765164 0.0726111
5 0.432995 0.934004 0.0883873 0.0769634
3 0.813379 0.816817 0.0716014 0.0719323
3 0.0767045 0.790322 0.0856554 0.0742486
8 0.563769 0.562359 0.083181 0.0750524
3 0.778627 0.550295 0.0725082 0.0746192
3 0.930643 0.792428 0.0794357 0.0764293
